2006   Mariners   32   74   76   16   11   4   0   1   6   8   2   0   22   0   0   0   3   3   1   .216   

2007   Mariners   41   65   71   16   11   2   1   2   16   4   4   0   21   1   0   1   0   2   1   .246   

2008   Orioles   132   477   514   129   92   21   7   9   61   57   23   0   108   7   5   2   12   10   3   .270   

2009   Orioles   119   473   519   131   87   22   3   19   83   70   36   3   93   7   3   0   13   10   4   .277   

2010   Orioles   149   581   621   165   116   25   5   19   76   69   23   1   119   13   2   2   17   7   7   .284   

2011   Orioles   151   567   618   159   106   26   2   25   68   83   29   2   113   9   12   1   16   12   4   .280   

2012   Orioles   162   648   697   186   112   39   3   32   103   82   34   0   126   13   2   0   15   16   7   .287   

2012   Orioles   6   26   27   2   2   0   0   0   0   1   0   0   7   0   1   0   0   0   0   .077   

2013   Orioles   29   121   125   40   25   11   0   4   23   21   3   1   26   1   0   0   3   1   0   .331   

Total   - - -   815   3006   3241   842   560   150   21   111   436   394   154   7   628   51   24   6   79   61   27   .280   

Postseason   - - -   6   26   27   2   2   0   0   0   0   1   0   0   7   0   1   0   0   0   0   .077   

2006   Mariners (AAA)   96   380   416   109   70   19   4   16   69   62   28   1   78   6   1   1   12   13   4   .287   

2007   Mariners (AAA)   101   420   469   132   74   27   6   25   75   84   36   1   106   11   2   0   7   8   7   .314   

2013   Steamer   155   615   668   172   108   34   2   27   85   97   38   2   119   10   5   1   &nbsp;   9   5   .280   

2013   Bill James   158   619   654   174   110   33   4   27   90   83   35   0   125   &nbsp;   &nbsp;   &nbsp;   &nbsp;   14   7   .281   

2013   Oliver   &nbsp;   563   615   152   98   30   3   21   77   81   35   2   113   11   5   1   14   12   5   .270   

2013   Fans (45)   156   633   681   183   116   33   4   30   88   98   30   1   122   12   6   &nbsp;   &nbsp;   16   5   .289   

2013   ZiPS   156   610   660   169   107   31   4   27   89   83   32   1   124   12   5   1   16   13   6   .277   

2013   ZiPS (R)   129   507   545   144   91   28   3   22   77   71   25   1   104   9   3   1   13   10   4   .284   

2013   ZiPS (U)   158   628   670   184   116   39   3   26   100   92   28   2   130   10   3   1   16   11   4   .293   

2013   Steamer (R)   127   507   549   143   90   29   2   22   69   79   29   2   100   8   4   1   &nbsp;   9   5   .283   

2013   Steamer (U)   155   624   670   182   114   40   2   26   91   100   32   3   126   9   4   1   &nbsp;   10   5   .292   

